-8.093349856778251361e-01
8.490829777754438368e-01
8.479902077459209320e-01
-9.441241890583298435e-01
-3.579450322729957890e-01
1.946547588480576074e-01
6.989830544967512438e-02
1.033415949923119914e-01
-7.477363927075320049e-02
1.090339960799406871e-01
-1.225078006947268872e-01
-3.953895002619958188e-01
4.253169190288232926e-01
7.304886979996327856e-01
-5.533048773185167413e-01
9.463505022633884600e-01
8.462848532457989403e-01
-2.011088300435652787e-01
-9.081313181622283626e-01
-4.363186467386070966e-01
7.553813100552901894e-01
2.291198718130893486e-01
-3.055216519421872778e-01
4.380948846941556951e-02
9.044025484429798478e-01
-2.027967454606403042e-01
9.347583667835175358e-01
5.923047854798959566e-01
8.934240173757934667e-01
7.077647354141427538e-01
-4.147408878906522212e-02
6.606108943438460113e-01
5.517463138565876779e-01
-9.367046235868554671e-01
5.063278632917307398e-01
3.496764283604922863e-01
6.325307285375652011e-01
-7.278276116583526356e-01
1.710456036146559278e-01
-5.368682724550137841e-01
9.183332438389446573e-02
9.360375866541641443e-01
5.894508942658822637e-01
-5.975810526499509834e-01
-3.528679311284044218e-02
4.221121203592461679e-01
4.619323572271016864e-02
2.974783850696636200e-01
8.638144797378428663e-01
3.226135250102106777e-01
9.242617892152571457e-01
-7.832884854529758023e-01
1.616027149016778797e-01
-3.101801758145197319e-01
-8.239415335395494644e-02
3.673692978075786542e-01
-2.990314527747257589e-01
3.951398096107574531e-01
-5.515875053947205675e-01
-9.492314712614891015e-02
1.028878175980585397e-01
6.881117658719904107e-02
-4.924371821259665438e-02
-6.765474614632309702e-01
2.209845854090308759e-01
8.833285313372052361e-01
-9.802850871455637272e-01
-6.126641540201480662e-01
-7.862752719571128868e-01
-9.478138864624936488e-01
6.797220915392601093e-01
-3.934750211731243841e-01
4.881974343100730085e-01
7.598614909872567491e-01
5.418275380387449491e-01
-2.248772672620935609e-01
9.749876133490218422e-01
-7.665115696817927926e-01
-4.958900390666842739e-01
2.074139967262293993e-01
-3.983029034355984876e-01
-9.060829393594509451e-01
-6.139151994718665684e-01
4.280140006886952175e-01
-3.242814508799221063e-01
-3.228870217889410199e-01
-4.472046209711817433e-01
9.937090293425607790e-01
-2.113930178640244240e-01
6.405584672567767868e-01
7.687305303209364116e-01
-9.318429313892959698e-01
4.576672955935796594e-01
-2.490043927782104038e-01
2.985086643410697071e-01
6.568543324829299035e-01
5.092325470337666360e-01
4.815126579222261949e-01
9.639414769675800354e-01
-5.029400122614895441e-01
4.272352350236654495e-01
-5.461055637831304654e-01
3.594456174597786546e-01
5.176670527846707337e-01
-1.269070262228886303e-01
-6.208986581079991574e-01
-7.948631194809168132e-01
5.903322074451864410e-01
-6.242205428074021345e-01
3.516350973486725984e-01
-2.345675162578177986e-01
4.565802377453211935e-01
3.430540945184359369e-01
-1.009222204507682630e-01
5.696890697433198980e-01
-7.456179429219358390e-01
-5.587857351639304859e-01
-3.124162082929853312e-01
3.085396314178601163e-01
5.068293357198239146e-01
2.585932548463425462e-01
8.015872162727573080e-01
3.954215538401459895e-01
-6.031703648668340634e-03
9.821401529484039550e-01
-5.967259413508865240e-01
-8.830283255990489799e-01
-4.172215370519563038e-01
-6.745481489392890495e-01
9.688398556233768222e-01
-2.101039024173112502e-02
8.611697700149230084e-01
-2.472497530255635123e-01
9.932183255655624432e-01
9.332860936332760815e-01
-7.800417327369884024e-01
-5.330133343846052973e-01
-5.817692618252914283e-01
4.505500487651141750e-01
-8.166599040662865239e-01
-4.730838140885933463e-01
-7.405455236171818445e-01
7.849136454780794026e-01
-2.528018100238982324e-01
-7.622205205767351721e-02
3.929873153300120769e-01
7.476177027429806721e-01
2.060017722917084626e-01
-7.180611674618893048e-01
8.416932569758766025e-01
7.260505168785353902e-01
-4.921224394699730276e-02
-2.960436388335099256e-01
2.649746443885285796e-01
-8.281934213336161754e-01
7.783356421112133106e-01
4.053169728415140227e-01
-8.187928473578338640e-01
7.385085875508548003e-01
-2.527673745677001538e-01
-8.339581739945596262e-01
3.518576957205543643e-01
-4.740963381028950874e-01
-7.312172369600609123e-01
-8.135872216909461052e-01
-7.167138977755012075e-01
2.792955193806370140e-01
-7.567003884486129817e-01
8.242036778594439284e-01
4.360298206753387973e-01
2.195616579516375122e-01
2.876657450938611138e-01
-4.872114644128249239e-01
-9.480318033030601388e-01
-7.210147129733530669e-01
-7.032475375211506563e-01
-3.614577200044142291e-01
9.044661227552661664e-01
-6.892106645768298900e-01
8.185448445786844829e-01
-5.343798915778250613e-01
-1.917011612320440594e-01
4.768487776841232595e-01
2.272854859686972429e-01
8.609704758106588862e-01
4.715254726251709716e-01
8.469610073142883611e-01
3.549645287935274673e-01
6.225376448521104944e-01
-9.024694175349190495e-01
-2.929728474148847184e-01
4.176994433968403975e-01
-1.255708645697783954e-01
5.444884483974270495e-01
-5.569497337359130551e-01
7.894373845097597542e-01
9.797089415902215936e-01
1.658680808361590042e-01
6.992464381139169571e-01
9.798765591142013509e-01
-6.420107141182547217e-01
-8.132816421873836354e-01
-7.387379923480226207e-01
3.564288205545069754e-01
-9.559231627008051291e-01
-9.024094795680055459e-01
1.620668537763507722e-01
-3.463755409121371809e-01
9.558467310619149782e-01
-8.617485004170635232e-01
-6.562194260444933480e-01
2.038906691184114717e-01
9.341079201062052473e-01
3.591274466566458656e-01
6.208488261254085927e-03
-2.155508637474434774e-01
-9.698462729567514096e-02
-2.913364037068328916e-01
8.208790007246853371e-01
1.299430470213849276e-01
-6.946881323271067998e-01
8.874347056649602994e-01
4.221701223796192615e-02
1.631338538521398540e-02
4.903451897069091014e-01
-8.679617028519204247e-02
-9.089640537774732465e-01
8.014854102574773265e-01
8.385261799228924673e-01
8.032314907697211126e-01
5.991972424055445057e-01
-1.203246125916868081e-02
-6.497817907692893247e-01
7.511175236104177255e-01
3.653845059258948869e-01
-4.356823991385869732e-01
9.564543797444651219e-01
9.823672853211840028e-02
-7.685035691468291574e-01
-6.063933093664701790e-01
-9.785216465540536035e-01
-7.017284473647782406e-01
5.343611451971166382e-01
-5.724110317219992528e-01
-1.852317846673117163e-01
-2.880020152359992203e-01
-6.966603221243687916e-01
-5.776205078632525858e-01
2.335405881569860842e-01
6.602160473903362359e-01
9.460884774775084605e-01
-1.760210742564574105e-01
1.928356783597817703e-01
3.105354089253087313e-01
-3.754656056052656510e-01
-3.721172593605057699e-01
-1.782561716765163062e-01
1.347745370932447173e-01
8.791110393205832096e-01
5.554172164220725350e-01
3.759706146217751677e-01
7.350549530049133029e-01
-4.514593818780525680e-01
-4.699185897871416273e-02
8.532084070508823004e-01
